   10teams     230    2025    1800     ALL     225              924              917
     air03     124   10757   10757     ALL       0           340160        338864.25
     air04     823    8904    8904     ALL       0            56137        55535.436
     air05     426    7195    7195     ALL       0            26374        25877.609
    bell3a     123     133      71      39      62        878430.32        862578.64
     bell5      91     104      58      30      46       8966406.49       8608417.95
    blend2     274     353     264     231      89         7.598985     6.9156751140
   cap6000    2176    6000    6000     ALL       0         -2451377     -2451537.325
   danoint     664     521      56     ALL     465            65.67     62.637280418
   dcmulti     290     548      75     ALL     473           188182      183975.5397
    dsbmip    1182    1886     192     160    1694    -305.19817501    -305.19817501
     egout      98     141      55     ALL      86          568.101          149.589
    enigma      21     100     100     ALL       0              0.0              0.0
  fast0507     507   63009   63009     ALL       0              174     172.14556668
     fiber     363    1298    1254     ALL      44     405935.18000     156082.51759
   fixnet6     478     878     378     ALL     500             3983          1200.88
    flugpl      18      18      11       0       7          1201500       1167185.73
       gen     780     870     150     144     720           112313         112130.0
     gesa2    1392    1224     408     240     816     25779856.372     25476489.678
   gesa2_o    1248    1224     720     384     504     25779856.372     25476489.678
     gesa3    1368    1152     384     216     768     27991042.648     27833632.451
   gesa3_o    1224    1152     672     336     480     27991042.648     27833632.451
       gt2      29     188     188      24       0        21166.000     13460.233074
     harp2     112    2993    2993     ALL       0     -73899798.00    -74353341.502
  khb05250     101    1350      24     ALL    1326        106940226       95919464.0
   l152lav      97    1989    1989     ALL       0             4722          4656.36
      lseu      28      89      89     ALL       0             1120           834.68
markshare1       6      62      50     ALL      12                1                0
markshare2       7      74      60     ALL      14                1                0
     mas74      13     151     150     ALL       1       11801.1857     10482.795280
     mas76      12     151     150     ALL       1           4005.1     38893.903641
    misc03      96     160     159     ALL       1             3360           1910.0
    misc06     820    1808     112     ALL    1696       12850.8607         12841.69
    misc07     212     260     259     ALL       1             2810           1415.0
     mitre    2054   10724   10724     ALL       0           115155     114740.51848
    mod008       6     319     319     ALL       0              307           290.93
    mod010     146    2655    2655     ALL       0             6548          6532.08
    mod011    4480   10958      96     ALL   10862        -54558535    -62121982.552
   modglob     291     422      98     ALL     324         20740508       20430947.0
    noswot     182     128     100      75      28              -43            -43.0
      nw04      36   87482   87482     ALL       0            16862      16310.66667
     p0033      16      33      33     ALL       0             3089          2520.57
     p0201     133     201     201     ALL       0             7615           6875.0
     p0282     241     282     282     ALL       0           258411        176867.50
     p0548     176     548     548     ALL       0             8691           315.29
     p2756     755    2756    2756     ALL       0             3124          2688.75
       pk1      45      86      55     ALL      31             11.0              0.0
     pp08a     136     240      64     ALL     176           7350.0     2748.3452381
 pp08aCUTS     246     240      64     ALL     176           7350.0     5480.6061563
       qiu    1192     840      48     ALL     792      -132.873137      -931.638857
     qnet1     503    1541    1417    1288     124     16029.692681     14274.102667
   qnet1_o     456    1541    1417    1288     124     16029.692681     12095.571667
  rentacar    6803    9557      55     ALL    9502         30356761     28806137.644
       rgn      24     180     100     ALL      80          82.1999          48.7999
      rout     291     556     315     300     241          1077.56     981.86428571
    set1ch     492     712     240     ALL     472         54537.75         32007.73
   stein27     118      27      27     ALL       0               18             13.0
   stein45     331      45      45     ALL       0               30             22.0
      vpm1     234     378     168     ALL     210               20          15.4167
      vpm2     234     378     168     ALL     210            13.75     9.8892645972
